0.0000 -0.000040816327
0.0200 -0.000040816327
0.0400 -0.000010204082
0.0600 0.000020408163
0.0800 0.000020408163
0.1000 0.000020408163
0.1200 0.000020408163
0.1400 0.000020408163
0.1600 0.000020408163
0.1800 0.000020408163
0.2000 0.000020408163
0.2200 0.000020408163
0.2400 0.000020408163
0.2600 0.000020408163
0.2800 0.000020408163
0.3000 -0.000010204082
0.3200 -0.000010204082
0.3400 -0.000010204082
0.3600 -0.000040816327
0.3800 -0.000040816327
0.4000 -0.000040816327
0.4200 -0.000010204082
0.4400 0.000020408163
0.4600 0.000020408163
0.4800 0.000020408163
0.5000 0.000020408163
0.5200 0.000020408163
0.5400 0.000020408163
0.5600 0.000020408163
0.5800 0.000020408163
0.6000 -0.000010204082
0.6200 -0.000010204082
0.6400 -0.000040816327
0.6600 -0.000071428571
0.6800 -0.000224489796
0.7000 -0.000346938776
0.7200 -0.000377551020
0.7400 -0.000438775510
0.7600 -0.000377551020
0.7800 -0.000193877551
0.8000 -0.000193877551
0.8200 -0.000163265306
0.8400 -0.000132653061
0.8600 -0.000377551020
0.8800 -0.001051020408
0.9000 -0.001540816327
0.9200 -0.001112244898
0.9400 -0.000928571429
0.9600 -0.001204081633
0.9800 -0.000469387755
1.0000 0.000755102041
1.0200 0.000724489796
1.0400 -0.000346938776
1.0600 -0.002030612245
1.0800 -0.002948979592
1.1000 -0.001785714286
1.1200 -0.000346938776
1.1400 -0.000928571429
1.1600 -0.000438775510
1.1800 0.003326530612
1.2000 0.003602040816
1.2200 -0.002061224490
1.2400 -0.006500000000
1.2600 -0.005795918367
1.2800 -0.003683673469
1.3000 -0.004173469388
1.3200 -0.002581632653
1.3400 0.000204081633
1.3600 -0.000500000000
1.3800 -0.004632653061
1.4000 -0.009500000000
1.4200 -0.005795918367
1.4400 0.002591836735
1.4600 0.004795918367
1.4800 0.004551020408
1.5000 0.009448979592
1.5200 0.013979591837
1.5400 0.008408163265
1.5600 0.006785714286
1.5800 0.004091836735
1.6000 -0.006653061224
1.6200 -0.011306122449
1.6400 0.000448979592
1.6600 0.015234693878
1.6800 0.002255102041
1.7000 -0.008214285714
1.7200 0.004520408163
1.7400 0.016244897959
1.7600 0.024969387755
1.7800 0.037459183673
1.8000 0.039173469388
1.8200 0.020591836735
1.8400 0.003663265306
1.8600 -0.001846938776
1.8800 0.000020408163
1.9000 0.015112244898
1.9200 0.003479591837
1.9400 -0.041000000000
1.9600 -0.050795918367
1.9800 -0.036867346939
2.0000 -0.022479591837
2.0200 -0.009836734694
2.0400 -0.000897959184
2.0600 0.000387755102
2.0800 -0.021102040816
2.1000 -0.032030612245
2.1200 -0.025448979592
2.1400 -0.014336734694
2.1600 0.003755102041
2.1800 0.011224489796
2.2000 -0.002153061224
2.2200 -0.017122448980
2.2400 -0.016724489796
2.2600 -0.013020408163
2.2800 -0.010142857143
2.3000 -0.004632653061
2.3200 -0.004142857143
2.3400 -0.005948979592
2.3600 -0.013846938776
2.3800 -0.027285714286
2.4000 -0.021102040816
2.4200 0.024663265306
2.4400 0.066816326531
2.4600 0.045755102041
2.4800 0.000877551020
2.5000 -0.015193877551
2.5200 0.007489795918
2.5400 0.031122448980
2.5600 0.013704081633
2.5800 -0.012255102041
2.6000 -0.024591836735
2.6200 -0.029061224490
2.6400 -0.014367346939
2.6600 -0.010877551020
2.6800 -0.005489795918
2.7000 0.013765306122
2.7200 0.018724489796
2.7400 0.028581632653
2.7600 0.033816326531
2.7800 0.032224489796
2.8000 0.040918367347
2.8200 0.008775510204
2.8400 -0.023979591837
2.8600 -0.039775510204
2.8800 -0.026734693878
2.9000 0.027510204082
2.9200 0.021510204082
2.9400 0.009510204082
2.9600 0.015755102041
2.9800 0.014010204082
3.0000 0.025887755102
3.0200 0.007489795918
3.0400 -0.017765306122
3.0600 -0.024193877551
3.0800 -0.021316326531
3.1000 -0.012928571429
3.1200 -0.029153061224
3.1400 -0.029153061224
3.1600 -0.015959183673
3.1800 -0.015408163265
3.2000 0.006663265306
3.2200 0.022887755102
3.2400 0.022122448980
3.2600 0.016306122449
3.2800 -0.000775510204
3.3000 -0.004540816327
3.3200 0.016306122449
3.3400 0.025642857143
3.3600 0.018632653061
3.3800 0.017102040816
3.4000 0.016979591837
3.4200 -0.009653061224
3.4400 -0.025295918367
3.4600 -0.002887755102
3.4800 0.037306122449
3.5000 0.029530612245
3.5200 -0.022602040816
3.5400 -0.041489795918
3.5600 -0.014000000000
3.5800 0.004336734694
3.6000 -0.013632653061
3.6200 -0.026244897959
3.6400 0.012602040816
3.6600 0.043214285714
3.6800 0.000081632653
3.7000 -0.061540816327
3.7200 -0.071642857143
3.7400 -0.014122448980
3.7600 0.024755102041
3.7800 -0.002244897959
3.8000 -0.008857142857
3.8200 0.023102040816
3.8400 0.046306122449
3.8600 0.031183673469
3.8800 -0.016112244898
3.9000 -0.021561224490
3.9200 0.046091836735
3.9400 0.089193877551
3.9600 0.052061224490
3.9800 0.016367346939
4.0000 0.044408163265
4.0200 0.094581632653
4.0400 0.085397959184
4.0600 0.016061224490
4.0800 -0.023459183673
4.1000 -0.001387755102
4.1200 0.024785714286
4.1400 0.011897959184
4.1600 -0.005244897959
4.1800 0.010612244898
4.2000 0.053806122449
4.2200 0.113163265306
4.2400 0.174295918367
4.2600 0.212928571429
4.2800 0.237020408163
4.3000 0.269316326531
4.3200 0.301214285714
4.3400 0.324969387755
4.3600 0.353071428571
4.3800 0.339081632653
4.4000 0.227653061224
4.4200 0.084510204082
4.4400 -0.034173469388
4.4600 -0.161734693878
4.4800 -0.334969387755
4.5000 -0.464061224490
4.5200 -0.508173469388
4.5400 -0.515489795918
4.5600 -0.521857142857
4.5800 -0.546775510204
4.6000 -0.599673469388
4.6200 -0.643448979592
4.6400 -0.568693877551
4.6600 -0.358234693878
4.6800 -0.140734693878
4.7000 -0.003653061224
4.7200 0.066663265306
4.7400 0.136428571429
4.7600 0.180571428571
4.7800 0.181367346939
4.8000 0.180234693878
4.8200 0.175122448980
4.8400 0.148918367347
4.8600 0.098714285714
4.8800 0.031918367347
4.9000 -0.010112244898
4.9200 0.014775510204
4.9400 0.063081632653
4.9600 0.098530612245
4.9800 0.136122448980
5.0000 0.167377551020
5.0200 0.193704081633
5.0400 0.215530612245
5.0600 0.234571428571
5.0800 0.267173469388
5.1000 0.326102040816
5.1200 0.399877551020
5.1400 0.460336734694
5.1600 0.484122448980
5.1800 0.480173469388
5.2000 0.473836734694
5.2200 0.480051020408
5.2400 0.483571428571
5.2600 0.433826530612
5.2800 0.303326530612
5.3000 0.123142857143
5.3200 -0.058020408163
5.3400 -0.206091836735
5.3600 -0.295234693878
5.3800 -0.350612244898
5.4000 -0.401642857143
5.4200 -0.452704081633
5.4400 -0.522408163265
5.4600 -0.606438775510
5.4800 -0.691540816327
5.5000 -0.778755102041
5.5200 -0.837316326531
5.5400 -0.829204081633
5.5600 -0.719551020408
5.5800 -0.532938775510
5.6000 -0.353367346939
5.6200 -0.212581632653
5.6400 -0.098734693878
5.6600 -0.019755102041
5.6800 0.022826530612
5.7000 0.071530612245
5.7200 0.151948979592
5.7400 0.229397959184
5.7600 0.284775510204
5.7800 0.331857142857
5.8000 0.344928571429
5.8200 0.312173469388
5.8400 0.266714285714
5.8600 0.211428571429
5.8800 0.120510204082
5.9000 0.007979591837
5.9200 -0.072377551020
5.9400 -0.102102040816
5.9600 -0.120622448980
5.9800 -0.145602040816
6.0000 -0.159561224490
6.0200 -0.165928571429
6.0400 -0.183132653061
6.0600 -0.192071428571
6.0800 -0.178602040816
6.1000 -0.133112244898
6.1200 -0.039714285714
6.1400 0.045204081633
6.1600 0.079214285714
6.1800 0.110561224490
6.2000 0.129969387755
6.2200 0.089500000000
6.2400 0.025367346939
6.2600 -0.008887755102
6.2800 -0.002581632653
6.3000 0.042724489796
6.3200 0.097551020408
6.3400 0.126204081633
6.3600 0.146806122449
6.3800 0.183051020408
6.4000 0.229275510204
6.4200 0.272836734694
6.4400 0.301857142857
6.4600 0.302744897959
6.4800 0.270418367347
6.5000 0.223489795918
6.5200 0.182193877551
6.5400 0.140500000000
6.5600 0.093112244898
6.5800 0.057020408163
6.6000 0.047714285714
6.6200 0.051234693878
6.6400 0.039816326531
6.6600 0.033571428571
6.6800 0.061612244898
6.7000 0.087387755102
6.7200 0.089377551020
6.7400 0.065010204082
6.7600 0.049704081633
6.7800 0.079765306122
6.8000 0.107438775510
6.8200 0.078204081633
6.8400 0.064030612245
6.8600 0.073306122449
6.8800 0.003540816327
6.9000 -0.107612244898
6.9200 -0.140183673469
6.9400 -0.097571428571
6.9600 -0.042989795918
6.9800 -0.020367346939
7.0000 -0.001632653061
7.0200 0.029806122449
7.0400 0.030051020408
7.0600 0.031428571429
7.0800 0.108051020408
7.1000 0.210724489796
7.1200 0.267387755102
7.1400 0.250489795918
7.1600 0.179530612245
7.1800 0.109428571429
7.2000 0.042816326531
7.2200 -0.031051020408
7.2400 -0.126959183673
7.2600 -0.246377551020
7.2800 -0.361295918367
7.3000 -0.451877551020
7.3200 -0.522132653061
7.3400 -0.591683673469
7.3600 -0.675163265306
7.3800 -0.744622448980
7.4000 -0.716061224490
7.4200 -0.537867346939
7.4400 -0.259387755102
7.4600 0.030357142857
7.4800 0.226428571429
7.5000 0.248346938776
7.5200 0.281010204082
7.5400 0.398010204082
7.5600 0.372755102041
7.5800 0.233928571429
7.6000 0.109826530612
7.6200 -0.021836734694
7.6400 -0.175357142857
7.6600 -0.293642857143
7.6800 -0.340234693878
7.7000 -0.330438775510
7.7200 -0.252714285714
7.7400 -0.119030612245
7.7600 0.027755102041
7.7800 0.165632653061
7.8000 0.280826530612
7.8200 0.400183673469
7.8400 0.483387755102
7.8600 0.528051020408
7.8800 0.573846938776
7.9000 0.592612244898
7.9200 0.554255102041
7.9400 0.480173469388
7.9600 0.390540816327
7.9800 0.298214285714
8.0000 0.207173469388
8.0200 0.080224489796
8.0400 -0.099010204082
8.0600 -0.250234693878
8.0800 -0.297714285714
8.1000 -0.249010204082
8.1200 -0.202234693878
8.1400 -0.223663265306
8.1600 -0.298877551020
8.1800 -0.350581632653
8.2000 -0.309346938776
8.2200 -0.188520408163
8.2400 -0.056336734694
8.2600 0.019979591837
8.2800 0.025642857143
8.3000 0.030142857143
8.3200 0.030969387755
8.3400 0.002438775510
8.3600 -0.029214285714
8.3800 -0.056734693878
8.4000 -0.088295918367
8.4200 -0.100081632653
8.4400 -0.035122448980
8.4600 0.083408163265
8.4800 0.168663265306
8.5000 0.199887755102
8.5200 0.235000000000
8.5400 0.335224489796
8.5600 0.446102040816
8.5800 0.490183673469
8.6000 0.426908163265
8.6200 0.267785714286
8.6400 0.074408163265
8.6600 -0.113459183673
8.6800 -0.281551020408
8.7000 -0.421326530612
8.7200 -0.515795918367
8.7400 -0.525132653061
8.7600 -0.432591836735
8.7800 -0.329673469388
8.8000 -0.263306122449
8.8200 -0.199479591837
8.8400 -0.128795918367
8.8600 -0.064602040816
8.8800 0.003571428571
8.9000 0.013459183673
8.9200 -0.087653061224
8.9400 -0.215091836735
8.9600 -0.281397959184
8.9800 -0.244602040816
9.0000 -0.149459183673
9.0200 -0.077489795918
9.0400 0.009510204082
9.0600 0.142061224490
9.0800 0.281897959184
9.1000 0.377591836735
9.1200 0.408020408163
9.1400 0.412581632653
9.1600 0.399142857143
9.1800 0.376091836735
9.2000 0.351571428571
9.2200 0.320959183673
9.2400 0.289275510204
9.2600 0.234448979592
9.2800 0.125561224490
9.3000 -0.006775510204
9.3200 -0.131979591837
9.3400 -0.242336734694
9.3600 -0.332091836735
9.3800 -0.377551020408
9.4000 -0.344061224490
9.4200 -0.250510204082
9.4400 -0.167061224490
9.4600 -0.093255102041
9.4800 -0.002397959184
9.5000 0.053622448980
9.5200 0.055734693878
9.5400 0.022428571429
9.5600 -0.026397959184
9.5800 -0.077612244898
9.6000 -0.122612244898
9.6200 -0.151724489796
9.6400 -0.178448979592
9.6600 -0.217234693878
9.6800 -0.254795918367
9.7000 -0.299091836735
9.7200 -0.307295918367
9.7400 -0.268081632653
9.7600 -0.221704081633
9.7800 -0.166051020408
9.8000 -0.118969387755
9.8200 -0.098244897959
9.8400 -0.079081632653
9.8600 -0.028724489796
9.8800 0.046642857143
9.9000 0.127551020408
9.9200 0.202704081633
9.9400 0.259979591837
9.9600 0.288479591837
9.9800 0.273326530612
10.0000 0.218285714286
10.0200 0.163826530612
10.0400 0.139336734694
10.0600 0.126846938776
10.0800 0.108387755102
10.1000 0.097948979592
10.1200 0.106122448980
10.1400 0.114540816327
10.1600 0.122622448980
10.1800 0.130673469388
10.2000 0.132755102041
10.2200 0.137744897959
10.2400 0.146469387755
10.2600 0.145795918367
10.2800 0.120387755102
10.3000 0.062959183673
10.3200 -0.028295918367
10.3400 -0.139204081633
10.3600 -0.234469387755
10.3800 -0.274326530612
10.4000 -0.246836734694
10.4200 -0.190938775510
10.4400 -0.135071428571
10.4600 -0.084561224490
10.4800 -0.050673469388
10.5000 -0.019632653061
10.5200 0.016612244898
10.5400 0.059255102041
10.5600 0.090785714286
10.5800 0.088244897959
10.6000 0.063295918367
10.6200 0.053193877551
10.6400 0.065163265306
10.6600 0.081051020408
10.6800 0.106183673469
10.7000 0.141632653061
10.7200 0.157765306122
10.7400 0.125408163265
10.7600 0.060969387755
10.7800 -0.011704081633
10.8000 -0.086459183673
10.8200 -0.148510204082
10.8400 -0.186438775510
10.8600 -0.204775510204
10.8800 -0.194979591837
10.9000 -0.138377551020
10.9200 -0.053948979592
10.9400 0.018540816327
10.9600 0.068408163265
10.9800 0.106091836735
11.0000 0.134408163265
11.0200 0.147326530612
11.0400 0.140285714286
11.0600 0.114081632653
11.0800 0.066081632653
11.1000 0.008469387755
11.1200 -0.042010204082
11.1400 -0.084040816327
11.1600 -0.116520408163
11.1800 -0.139510204082
11.2000 -0.162346938776
11.2200 -0.188183673469
11.2400 -0.191857142857
11.2600 -0.160724489796
11.2800 -0.122367346939
11.3000 -0.087193877551
11.3200 -0.038826530612
11.3400 0.023224489796
11.3600 0.087540816327
11.3800 0.147969387755
11.4000 0.189846938776
11.4200 0.203775510204
11.4400 0.190948979592
11.4600 0.145673469388
11.4800 0.081448979592
11.5000 0.029010204082
11.5200 0.003265306122
11.5400 -0.003346938776
11.5600 -0.020795918367
11.5800 -0.064265306122
11.6000 -0.108255102041
11.6200 -0.132591836735
11.6400 -0.150255102041
11.6600 -0.170581632653
11.6800 -0.169908163265
11.7000 -0.123928571429
11.7200 -0.052724489796
11.7400 0.012112244898
11.7600 0.060571428571
11.7800 0.096081632653
11.8000 0.124520408163
11.8200 0.149346938776
11.8400 0.162602040816
11.8600 0.150846938776
11.8800 0.123724489796
11.9000 0.082918367347
11.9200 0.025275510204
11.9400 -0.012622448980
11.9600 -0.028693877551
11.9800 -0.038612244898
12.0000 -0.046846938776
12.0200 -0.050183673469
12.0400 -0.029826530612
12.0600 0.004642857143
12.0800 0.034948979592
12.1000 0.060326530612
12.1200 0.077408163265
12.1400 0.089653061224
12.1600 0.098714285714
12.1800 0.091183673469
12.2000 0.068285714286
12.2200 0.043061224490
12.2400 0.018938775510
12.2600 -0.013540816327
12.2800 -0.048224489796
12.3000 -0.068244897959
12.3200 -0.085969387755
12.3400 -0.106908163265
12.3600 -0.105438775510
12.3800 -0.092704081633
12.4000 -0.068551020408
12.4200 -0.030377551020
12.4400 0.001948979592
12.4600 0.028642857143
12.4800 0.052887755102
12.5000 0.066295918367
12.5200 0.065836734694
12.5400 0.066448979592
12.5600 0.080193877551
12.5800 0.088000000000
12.6000 0.077377551020
12.6200 0.067367346939
12.6400 0.065071428571
12.6600 0.065102040816
12.6800 0.061581632653
12.7000 0.054418367347
12.7200 0.038102040816
12.7400 0.018387755102
12.7600 0.006632653061
12.7800 -0.017765306122
12.8000 -0.047367346939
12.8200 -0.051867346939
12.8400 -0.053244897959
12.8600 -0.063316326531
12.8800 -0.058326530612
12.9000 -0.050673469388
12.9200 -0.056275510204
12.9400 -0.065428571429
12.9600 -0.072683673469
12.9800 -0.077734693878
13.0000 -0.075469387755
13.0200 -0.074948979592
13.0400 -0.080704081633
13.0600 -0.073448979592
13.0800 -0.050734693878
13.1000 -0.032979591837
13.1200 -0.022265306122
13.1400 -0.007877551020
13.1600 0.019030612245
13.1800 0.049061224490
13.2000 0.072357142857
13.2200 0.083744897959
13.2400 0.087877551020
13.2600 0.087877551020
13.2800 0.071469387755
13.3000 0.045112244898
13.3200 0.022520408163
13.3400 -0.004724489796
13.3600 -0.045408163265
13.3800 -0.075438775510
13.4000 -0.087469387755
13.4200 -0.096438775510
13.4400 -0.090897959184
13.4600 -0.067540816327
13.4800 -0.048867346939
13.5000 -0.034632653061
13.5200 -0.012714285714
13.5400 0.011530612245
13.5600 0.022642857143
13.5800 0.035224489796
13.6000 0.062989795918
13.6200 0.082979591837
13.6400 0.081326530612
13.6600 0.064948979592
13.6800 0.039204081633
13.7000 0.007275510204
13.7200 -0.017704081633
13.7400 -0.032948979592
13.7600 -0.049540816327
13.7800 -0.069744897959
13.8000 -0.088265306122
13.8200 -0.100326530612
13.8400 -0.101551020408
13.8600 -0.088602040816
13.8800 -0.062795918367
13.9000 -0.040051020408
13.9200 -0.028663265306
13.9400 -0.014214285714
13.9600 0.008561224490
13.9800 0.026132653061
14.0000 0.024632653061
14.0200 0.015816326531
14.0400 0.020897959184
14.0600 0.035040816327
14.0800 0.038224489796
14.1000 0.029102040816
14.1200 0.026132653061
14.1400 0.023530612245
14.1600 0.015418367347
14.1800 0.011897959184
14.2000 0.008836734694
14.2200 -0.004142857143
14.2400 -0.024959183673
14.2600 -0.041183673469
14.2800 -0.048867346939
14.3000 -0.054622448980
14.3200 -0.062214285714
14.3400 -0.070112244898
14.3600 -0.061969387755
14.3800 -0.028234693878
14.4000 0.016887755102
14.4200 0.056102040816
14.4400 0.086408163265
14.4600 0.105846938776
14.4800 0.104591836735
14.5000 0.086897959184
14.5200 0.069846938776
14.5400 0.055612244898
14.5600 0.034551020408
14.5800 0.005346938776
14.6000 -0.022295918367
14.6200 -0.041091836735
14.6400 -0.049816326531
14.6600 -0.057530612245
14.6800 -0.079020408163
14.7000 -0.098275510204
14.7200 -0.090775510204
14.7400 -0.065520408163
14.7600 -0.046755102041
14.7800 -0.036867346939
14.8000 -0.022571428571
14.8200 -0.000897959184
14.8400 0.009387755102
14.8600 -0.003377551020
14.8800 -0.027561224490
14.9000 -0.047887755102
14.9200 -0.057806122449
14.9400 -0.063653061224
14.9600 -0.070693877551
14.9800 -0.077214285714
15.0000 -0.084836734694
15.0200 -0.085571428571
15.0400 -0.070785714286
15.0600 -0.044826530612
15.0800 -0.014979591837
15.1000 0.018969387755
15.1200 0.055887755102
15.1400 0.091275510204
15.1600 0.127306122449
15.1800 0.160122448980
15.2000 0.176530612245
15.2200 0.179408163265
15.2400 0.181795918367
15.2600 0.182530612245
15.2800 0.166918367347
15.3000 0.133153061224
15.3200 0.095867346939
15.3400 0.061734693878
15.3600 0.027265306122
15.3800 -0.006224489796
15.4000 -0.033714285714
15.4200 -0.049724489796
15.4400 -0.056612244898
15.4600 -0.056642857143
15.4800 -0.049234693878
15.5000 -0.040816326531
15.5200 -0.033316326531
15.5400 -0.020948979592
15.5600 -0.009653061224
15.5800 -0.013663265306
15.6000 -0.022602040816
15.6200 -0.022969387755
15.6400 -0.023948979592
15.6600 -0.035765306122
15.6800 -0.047183673469
15.7000 -0.044704081633
15.7200 -0.032336734694
15.7400 -0.025265306122
15.7600 -0.026000000000
15.7800 -0.012163265306
15.8000 0.025306122449
15.8200 0.068836734694
15.8400 0.099908163265
15.8600 0.118857142857
15.8800 0.129112244898
15.9000 0.123785714286
15.9200 0.102908163265
15.9400 0.071377551020
15.9600 0.031826530612
15.9800 -0.006622448980
16.0000 -0.035244897959
16.0200 -0.057714285714
16.0400 -0.080979591837
16.0600 -0.100448979592
16.0800 -0.105744897959
16.1000 -0.095183673469
16.1200 -0.073693877551
16.1400 -0.047214285714
16.1600 -0.014612244898
16.1800 0.019030612245
16.2000 0.047530612245
16.2200 0.068163265306
16.2400 0.076428571429
16.2600 0.079336734694
16.2800 0.086377551020
16.3000 0.089989795918
16.3200 0.079489795918
16.3400 0.061520408163
16.3600 0.046826530612
16.3800 0.036357142857
16.4000 0.030204081633
16.4200 0.030295918367
16.4400 0.030663265306
16.4600 0.021265306122
16.4800 0.007306122449
16.5000 -0.000714285714
16.5200 -0.009193877551
16.5400 -0.022173469388
16.5600 -0.033255102041
16.5800 -0.046020408163
16.6000 -0.062673469388
16.6200 -0.075622448980
16.6400 -0.084346938776
16.6600 -0.081775510204
16.6800 -0.057989795918
16.7000 -0.037295918367
16.7200 -0.034571428571
16.7400 -0.031969387755
16.7600 -0.024653061224
16.7800 -0.017704081633
16.8000 -0.014765306122
16.8200 -0.022326530612
16.8400 -0.033806122449
16.8600 -0.031326530612
16.8800 -0.016571428571
16.9000 0.000295918367
16.9200 0.018234693878
16.9400 0.028673469388
16.9600 0.028397959184
16.9800 0.028183673469
17.0000 0.025857142857
17.0200 0.014989795918
17.0400 0.003693877551
17.0600 -0.001663265306
17.0800 -0.010081632653
17.1000 -0.022173469388
17.1200 -0.022265306122
17.1400 -0.014520408163
17.1600 -0.009775510204
17.1800 -0.004785714286
17.2000 0.000816326531
17.2200 0.010887755102
17.2400 0.025000000000
17.2600 0.032408163265
17.2800 0.032714285714
17.3000 0.029010204082
17.3200 0.014653061224
17.3400 -0.002734693878
17.3600 -0.012224489796
17.3800 -0.020979591837
17.4000 -0.027806122449
17.4200 -0.025877551020
17.4400 -0.025908163265
17.4600 -0.030775510204
17.4800 -0.029887755102
17.5000 -0.022234693878
17.5200 -0.017979591837
17.5400 -0.018040816327
17.5600 -0.015163265306
17.5800 -0.006561224490
17.6000 -0.000806122449
17.6200 -0.002061224490
17.6400 -0.002030612245
17.6600 -0.000316326531
17.6800 -0.000989795918
17.7000 -0.001112244898
17.7200 -0.000959183673
17.7400 -0.005428571429
17.7600 -0.014765306122
17.7800 -0.024316326531
17.8000 -0.029520408163
17.8200 -0.033040816327
17.8400 -0.035122448980
17.8600 -0.026887755102
17.8800 -0.006530612245
17.9000 0.015693877551
17.9200 0.030908163265
17.9400 0.034091836735
17.9600 0.021908163265
17.9800 0.000540816327
18.0000 -0.021500000000
18.0200 -0.039653061224
18.0400 -0.051959183673
18.0600 -0.060897959184
18.0800 -0.063775510204
18.1000 -0.052632653061
18.1200 -0.029275510204
18.1400 -0.001571428571
18.1600 0.031091836735
18.1800 0.070520408163
18.2000 0.107102040816
18.2200 0.133673469388
18.2400 0.149683673469
18.2600 0.154612244898
18.2800 0.150295918367
18.3000 0.138234693878
18.3200 0.114908163265
18.3400 0.080408163265
18.3600 0.042387755102
18.3800 0.001887755102
18.4000 -0.040173469388
18.4200 -0.075224489796
18.4400 -0.102469387755
18.4600 -0.124357142857
18.4800 -0.130846938776
18.5000 -0.116091836735
18.5200 -0.091632653061
18.5400 -0.068183673469
18.5600 -0.049265306122
18.5800 -0.022693877551
18.6000 0.014928571429
18.6200 0.047714285714
18.6400 0.067765306122
18.6600 0.078204081633
18.6800 0.071163265306
18.7000 0.042204081633
18.7200 0.008193877551
18.7400 -0.020857142857
18.7600 -0.047091836735
18.7800 -0.067387755102
18.8000 -0.082969387755
18.8200 -0.097724489796
18.8400 -0.103663265306
18.8600 -0.094051020408
18.8800 -0.071459183673
18.9000 -0.039806122449
18.9200 -0.004938775510
18.9400 0.023959183673
18.9600 0.044255102041
18.9800 0.057234693878
19.0000 0.060418367347
19.0200 0.052857142857
19.0400 0.042846938776
19.0600 0.031489795918
19.0800 0.013091836735
19.1000 -0.006469387755
19.1200 -0.016938775510
19.1400 -0.019387755102
19.1600 -0.020918367347
19.1800 -0.018714285714
19.2000 -0.004938775510
19.2200 0.014806122449
19.2400 0.029010204082
19.2600 0.033051020408
19.2800 0.031551020408
19.3000 0.027938775510
19.3200 0.017224489796
19.3400 -0.001693877551
19.3600 -0.023306122449
19.3800 -0.042193877551
19.4000 -0.054010204082
19.4200 -0.050581632653
19.4400 -0.028846938776
19.4600 -0.003867346939
19.4800 0.005622448980
19.5000 0.011193877551
19.5200 0.029255102041
19.5400 0.048510204082
19.5600 0.055489795918
19.5800 0.047775510204
19.6000 0.031244897959
19.6200 0.013581632653
19.6400 0.003357142857
19.6600 0.003816326531
19.6800 0.007183673469
19.7000 0.010520408163
19.7200 0.016428571429
19.7400 0.019765306122
19.7600 0.013030612245
19.7800 0.001091836735
19.8000 -0.008459183673
19.8200 -0.012346938776
19.8400 -0.010357142857
19.8600 -0.012346938776
19.8800 -0.023428571429
19.9000 -0.032122448980
19.9200 -0.031112244898
19.9400 -0.023489795918
19.9600 -0.013234693878
19.9800 -0.005214285714
20.0000 -0.002826530612
20.0200 0.000448979592
20.0400 0.009418367347
20.0600 0.019918367347
20.0800 0.029744897959
20.1000 0.037581632653
20.1200 0.039693877551
20.1400 0.037306122449
20.1600 0.034030612245
20.1800 0.029193877551
20.2000 0.019122448980
20.2200 0.004673469388
20.2400 -0.012377551020
20.2600 -0.030775510204
20.2800 -0.040081632653
20.3000 -0.035122448980
20.3200 -0.027959183673
20.3400 -0.029612244898
20.3600 -0.037173469388
20.3800 -0.040295918367
20.4000 -0.034908163265
20.4200 -0.024408163265
20.4400 -0.011030612245
20.4600 0.004795918367
20.4800 0.017408163265
20.5000 0.025306122449
20.5200 0.030326530612
20.5400 0.032040816327
20.5600 0.030938775510
20.5800 0.025612244898
20.6000 0.016704081633
20.6200 0.013214285714
20.6400 0.015602040816
20.6600 0.014010204082
20.6800 0.011959183673
20.7000 0.014683673469
20.7200 0.015234693878
20.7400 0.010826530612
20.7600 0.007367346939
20.7800 0.009785714286
20.8000 0.011010204082
20.8200 0.009234693878
20.8400 0.010428571429
20.8600 0.007153061224
20.8800 -0.004357142857
20.9000 -0.012438775510
20.9200 -0.013938775510
20.9400 -0.013112244898
20.9600 -0.010969387755
20.9800 -0.004846938776
21.0000 0.000479591837
21.0200 -0.001938775510
21.0400 -0.007142857143
21.0600 -0.008673469388
21.0800 -0.008642857143
21.1000 -0.009010204082
21.1200 -0.007479591837
21.1400 -0.007632653061
21.1600 -0.010051020408
21.1800 -0.008183673469
21.2000 -0.005979591837
21.2200 -0.006377551020
21.2400 -0.003714285714
21.2600 -0.002551020408
21.2800 -0.003622448980
21.3000 -0.002734693878
21.3200 -0.004540816327
21.3400 -0.011673469388
21.3600 -0.019081632653
21.3800 -0.022265306122
21.4000 -0.021010204082
21.4200 -0.015653061224
21.4400 -0.006653061224
21.4600 0.006387755102
21.4800 0.020989795918
21.5000 0.032622448980
21.5200 0.038469387755
21.5400 0.039081632653
21.5600 0.032500000000
21.5800 0.019520408163
21.6000 0.005806122449
21.6200 -0.007693877551
21.6400 -0.022785714286
21.6600 -0.035673469388
21.6800 -0.043785714286
21.7000 -0.044734693878
21.7200 -0.037112244898
21.7400 -0.027040816327
21.7600 -0.018500000000
21.7800 -0.008581632653
21.8000 0.002714285714
21.8200 0.011500000000
21.8400 0.016397959184
21.8600 0.018969387755
21.8800 0.019183673469
21.9000 0.016612244898
21.9200 0.009510204082
21.9400 -0.000867346939
21.9600 -0.007785714286
21.9800 -0.011000000000
22.0000 -0.015040816327
22.0200 -0.017428571429
22.0400 -0.015469387755
22.0600 -0.011704081633
22.0800 -0.006285714286
22.1000 0.001183673469
22.1200 0.004673469388
22.1400 0.002010204082
22.1600 -0.001081632653
22.1800 -0.002673469388
22.2000 -0.002336734694
22.2200 -0.001081632653
22.2400 -0.002367346939
22.2600 -0.005612244898
22.2800 -0.008275510204
22.3000 -0.007632653061
22.3200 -0.002765306122
22.3400 0.003816326531
22.3600 0.010734693878
22.3800 0.018938775510
22.4000 0.026989795918
22.4200 0.031826530612
22.4400 0.035744897959
22.4600 0.038591836735
22.4800 0.036602040816
22.5000 0.027969387755
22.5200 0.015204081633
22.5400 0.004551020408
22.5600 -0.003102040816
22.5800 -0.010173469388
22.6000 -0.016020408163
22.6200 -0.018377551020
22.6400 -0.016785714286
22.6600 -0.012653061224
22.6800 -0.007785714286
22.7000 -0.003408163265
22.7200 0.002040816327
22.7400 0.010030612245
22.7600 0.015510204082
22.7800 0.011989795918
22.8000 0.001581632653
22.8200 -0.009438775510
22.8400 -0.017857142857
22.8600 -0.019234693878
22.8800 -0.015255102041
22.9000 -0.012193877551
22.9200 -0.008948979592
22.9400 -0.002551020408
22.9600 0.004704081633
22.9800 0.009418367347
23.0000 0.010459183673
23.0200 0.009938775510
23.0400 0.007000000000
23.0600 -0.000806122449
23.0800 -0.007448979592
23.1000 -0.008520408163
23.1200 -0.007295918367
23.1400 -0.006255102041
23.1600 -0.003316326531
23.1800 0.000479591837
23.2000 0.001857142857
23.2200 0.003418367347
23.2400 0.005744897959
23.2600 0.005989795918
23.2800 0.002561224490
23.3000 -0.002581632653
23.3200 -0.004510204082
23.3400 -0.004326530612
23.3600 -0.002336734694
23.3800 0.003877551020
23.4000 0.009081632653
23.4200 0.009969387755
23.4400 0.007214285714
23.4600 0.004459183673
23.4800 0.003357142857
23.5000 0.002897959184
23.5200 0.004153061224
23.5400 0.006540816327
23.5600 0.010642857143
23.5800 0.017163265306
23.6000 0.023255102041
23.6200 0.027051020408
23.6400 0.029010204082
23.6600 0.026102040816
23.6800 0.016214285714
23.7000 0.002867346939
23.7200 -0.010846938776
23.7400 -0.023704081633
23.7600 -0.032979591837
23.7800 -0.038489795918
23.8000 -0.045561224490
23.8200 -0.053857142857
23.8400 -0.056000000000
23.8600 -0.049295918367
23.8800 -0.036653061224
23.9000 -0.024224489796
23.9200 -0.013387755102
23.9400 -0.001571428571
23.9600 0.009142857143
23.9800 0.018142857143
24.0000 0.025765306122
24.0200 0.029897959184
24.0400 0.028520408163
24.0600 0.022979591837
24.0800 0.015448979592
24.1000 0.007336734694
24.1200 -0.000224489796
24.1400 -0.007265306122
24.1600 -0.011030612245
24.1800 -0.009500000000
24.2000 -0.004418367347
24.2200 0.003969387755
24.2400 0.012846938776
24.2600 0.015724489796
24.2800 0.014867346939
24.3000 0.014653061224
24.3200 0.013244897959
24.3400 0.011500000000
24.3600 0.009969387755
24.3800 0.005989795918
24.4000 -0.000040816327
24.4200 -0.005306122449
24.4400 -0.007540816327
24.4600 -0.006040816327
24.4800 -0.002275510204
24.5000 0.002040816327
24.5200 0.004979591837
24.5400 0.007428571429
24.5600 0.010642857143
24.5800 0.010367346939
24.6000 0.005132653061
24.6200 -0.002153061224
24.6400 -0.009010204082
24.6600 -0.014826530612
24.6800 -0.017826530612
24.7000 -0.014765306122
24.7200 -0.006316326531
24.7400 0.004091836735
24.7600 0.012326530612
24.7800 0.015785714286
24.8000 0.014071428571
24.8200 0.007795918367
24.8400 -0.001448979592
24.8600 -0.011244897959
24.8800 -0.019969387755
24.9000 -0.026918367347
24.9200 -0.030408163265
24.9400 -0.029642857143
24.9600 -0.026091836735
24.9800 -0.018285714286
25.0000 -0.005948979592
25.0200 0.005193877551
25.0400 0.012724489796
25.0600 0.019091836735
25.0800 0.023071428571
25.1000 0.023867346939
25.1200 0.022520408163
25.1400 0.017867346939
25.1600 0.010918367347
25.1800 0.005653061224
25.2000 0.005530612245
25.2200 0.007857142857
25.2400 0.006540816327
25.2600 0.001306122449
25.2800 -0.004265306122
25.3000 -0.006071428571
25.3200 -0.003561224490
25.3400 -0.000744897959
25.3600 0.000479591837
25.3800 -0.000040816327
25.4000 0.000602040816
25.4200 0.003969387755
25.4400 0.006571428571
25.4600 0.007000000000
25.4800 0.006755102041
25.5000 0.006602040816
25.5200 0.006204081633
25.5400 0.005683673469
25.5600 0.006173469388
25.5800 0.006540816327
25.6000 0.005775510204
25.6200 0.002010204082
25.6400 -0.007265306122
25.6600 -0.017979591837
25.6800 -0.023795918367
25.7000 -0.023153061224
25.7200 -0.020000000000
25.7400 -0.019510204082
25.7600 -0.020459183673
25.7800 -0.018530612245
25.8000 -0.012561224490
25.8200 -0.003193877551
25.8400 0.005408163265
25.8600 0.010489795918
25.8800 0.014744897959
25.9000 0.018479591837
25.9200 0.019428571429
25.9400 0.017469387755
25.9600 0.012755102041
25.9800 0.008316326531
26.0000 0.004520408163
26.0200 0.000204081633
26.0400 -0.002489795918
26.0600 -0.003071428571
26.0800 -0.001846938776
26.1000 0.001000000000
26.1200 0.004489795918
26.1400 0.007704081633
26.1600 0.010918367347
26.1800 0.013581632653
26.2000 0.012602040816
26.2200 0.007673469388
26.2400 0.000724489796
26.2600 -0.004877551020
26.2800 -0.007142857143
26.3000 -0.007724489796
26.3200 -0.009438775510
26.3400 -0.010755102041
26.3600 -0.009653061224
26.3800 -0.007204081633
26.4000 -0.002153061224
26.4200 0.002255102041
26.4400 0.001765306122
26.4600 0.001091836735
26.4800 0.004061224490
26.5000 0.004336734694
26.5200 0.002928571429
26.5400 0.003540816327
26.5600 0.003785714286
26.5800 0.002438775510
26.6000 0.002224489796
26.6200 0.003448979592
26.6400 0.004857142857
26.6600 0.006295918367
26.6800 0.006173469388
26.7000 0.002530612245
26.7200 -0.004020408163
26.7400 -0.008336734694
26.7600 -0.006989795918
26.7800 -0.004785714286
26.8000 -0.004693877551
26.8200 -0.004510204082
26.8400 -0.002857142857
26.8600 -0.000561224490
26.8800 0.000846938776
26.9000 0.000479591837
26.9200 -0.004081632653
26.9400 -0.010877551020
26.9600 -0.013877551020
26.9800 -0.013173469388
27.0000 -0.011397959184
27.0200 -0.007724489796
27.0400 -0.003346938776
27.0600 -0.000500000000
27.0800 0.001857142857
27.1000 0.005071428571
27.1200 0.004918367347
27.1400 0.001459183673
27.1600 0.001551020408
27.1800 0.004551020408
27.2000 0.004061224490
27.2200 -0.002520408163
27.2400 -0.008428571429
27.2600 -0.008459183673
27.2800 -0.005765306122
27.3000 -0.002459183673
27.3200 -0.000163265306
27.3400 0.000173469388
27.3600 0.001000000000
27.3800 0.004428571429
27.4000 0.007397959184
27.4200 0.007612244898
27.4400 0.006693877551
27.4600 0.005255102041
27.4800 0.002224489796
27.5000 -0.001234693878
27.5200 -0.000806122449
27.5400 0.001918367347
27.5600 0.002928571429
27.5800 0.003357142857
27.6000 0.004612244898
27.6200 0.006112244898
27.6400 0.008255102041
27.6600 0.009877551020
27.6800 0.008377551020
27.7000 0.004428571429
27.7200 0.000602040816
27.7400 -0.003071428571
27.7600 -0.007204081633
27.7800 -0.009530612245
27.8000 -0.008551020408
27.8200 -0.005214285714
27.8400 -0.001479591837
27.8600 0.000938775510
27.8800 0.002316326531
27.9000 0.002714285714
27.9200 0.000326530612
27.9400 -0.002887755102
27.9600 -0.004755102041
27.9800 -0.006500000000
28.0000 -0.007173469388
28.0200 -0.006744897959
28.0400 -0.009163265306
28.0600 -0.013540816327
28.0800 -0.015959183673
28.1000 -0.016295918367
28.1200 -0.015959183673
28.1400 -0.014734693878
28.1600 -0.012346938776
28.1800 -0.009683673469
28.2000 -0.005367346939
28.2200 0.000295918367
28.2400 0.003357142857
28.2600 0.003816326531
28.2800 0.005867346939
28.3000 0.009571428571
28.3200 0.013428571429
28.3400 0.016122448980
28.3600 0.016153061224
28.3800 0.014102040816
28.4000 0.010979591837
28.4200 0.006693877551
28.4400 0.000663265306
28.4600 -0.006285714286
28.4800 -0.010051020408
28.5000 -0.010112244898
28.5200 -0.008826530612
28.5400 -0.005581632653
28.5600 -0.002030612245
28.5800 -0.000683673469
28.6000 0.001091836735
28.6200 0.003816326531
28.6400 0.005132653061
28.6600 0.004765306122
28.6800 0.003785714286
28.7000 0.002224489796
28.7200 -0.000928571429
28.7400 -0.004816326531
28.7600 -0.007602040816
28.7800 -0.008857142857
28.8000 -0.007510204082
28.8200 -0.002979591837
28.8400 0.002102040816
28.8600 0.007520408163
28.8800 0.011897959184
28.9000 0.012877551020
28.9200 0.012632653061
28.9400 0.010673469388
28.9600 0.006510204082
28.9800 0.003173469388
29.0000 0.000693877551
29.0200 -0.000714285714
29.0400 0.000632653061
29.0600 0.003755102041
29.0800 0.005836734694
29.1000 0.005102040816
29.1200 0.004122448980
29.1400 0.004551020408
29.1600 0.005102040816
29.1800 0.004642857143
29.2000 0.004000000000
29.2200 0.004183673469
29.2400 0.003418367347
29.2600 0.002010204082
29.2800 0.001459183673
29.3000 0.000969387755
29.3200 -0.001326530612
29.3400 -0.003591836735
29.3600 -0.002948979592
29.3800 -0.001663265306
29.4000 -0.000744897959
29.4200 0.002010204082
29.4400 0.003326530612
29.4600 0.000112244898
29.4800 -0.002489795918
29.5000 -0.003163265306
29.5200 -0.003989795918
29.5400 -0.004908163265
29.5600 -0.004020408163
29.5800 -0.001051020408
29.6000 0.002132653061
29.6200 0.004000000000
29.6400 0.004275510204
29.6600 0.003724489796
29.6800 0.004520408163
29.7000 0.005806122449
29.7200 0.005469387755
29.7400 0.004795918367
29.7600 0.005867346939
29.7800 0.007000000000
29.8000 0.006724489796
29.8200 0.004948979592
29.8400 0.003816326531
29.8600 0.003846938776
29.8800 0.004214285714
29.9000 0.003846938776
29.9200 0.001795918367
29.9400 -0.001112244898
29.9600 -0.005428571429
29.9800 -0.009897959184
30.0000 -0.011459183673
30.0200 -0.010846938776
30.0400 -0.009622448980
30.0600 -0.008336734694
30.0800 -0.008336734694
30.1000 -0.008673469388
30.1200 -0.007755102041
30.1400 -0.006071428571
30.1600 -0.005551020408
30.1800 -0.007326530612
30.2000 -0.009132653061
30.2200 -0.009408163265
30.2400 -0.009714285714
30.2600 -0.009775510204
30.2800 -0.009255102041
30.3000 -0.008091836735
30.3200 -0.005183673469
30.3400 -0.001081632653
30.3600 0.003357142857
30.3800 0.007061224490
30.4000 0.009418367347
30.4200 0.010306122449
30.4400 0.010000000000
30.4600 0.009693877551
30.4800 0.009173469388
30.5000 0.007275510204
30.5200 0.003234693878
30.5400 -0.000683673469
30.5600 -0.002397959184
30.5800 -0.002153061224
30.6000 -0.000530612245
30.6200 0.001153061224
30.6400 0.000295918367
30.6600 -0.001326530612
30.6800 -0.000561224490
30.7000 0.000510204082
30.7200 -0.000071428571
30.7400 -0.001265306122
30.7600 -0.003132653061
30.7800 -0.003438775510
30.8000 -0.000897959184
30.8200 0.002469387755
30.8400 0.005438775510
30.8600 0.007214285714
30.8800 0.006969387755
30.9000 0.005255102041
30.9200 0.003448979592
30.9400 0.000877551020
30.9600 -0.004387755102
30.9800 -0.009408163265
31.0000 -0.010051020408
31.0200 -0.008704081633
31.0400 -0.007969387755
31.0600 -0.006989795918
31.0800 -0.004755102041
31.1000 -0.001418367347
31.1200 0.001551020408
31.1400 0.004153061224
31.1600 0.006938775510
31.1800 0.007918367347
31.2000 0.006816326531
31.2200 0.004030612245
31.2400 0.000387755102
31.2600 -0.003408163265
31.2800 -0.006959183673
31.3000 -0.008765306122
31.3200 -0.009530612245
31.3400 -0.009377551020
31.3600 -0.007571428571
31.3800 -0.004051020408
31.4000 -0.000989795918
31.4200 0.001153061224
31.4400 0.002683673469
31.4600 0.004030612245
31.4800 0.004551020408
31.5000 0.003540816327
31.5200 0.002500000000
31.5400 0.002897959184
31.5600 0.004551020408
31.5800 0.005377551020
31.6000 0.005653061224
31.6200 0.005806122449
31.6400 0.006142857143
31.6600 0.007397959184
31.6800 0.008316326531
31.7000 0.009265306122
31.7200 0.009602040816
31.7400 0.009540816327
31.7600 0.008438775510
31.7800 0.004275510204
31.8000 -0.000071428571
31.8200 -0.003928571429
31.8400 -0.007571428571
31.8600 -0.009867346939
31.8800 -0.011214285714
31.9000 -0.012163265306
31.9200 -0.012224489796
31.9400 -0.010724489796
31.9600 -0.006775510204
31.9800 -0.002734693878
32.0000 -0.001816326531
32.0200 -0.002091836735
32.0400 -0.001908163265
32.0600 -0.002030612245
32.0800 -0.001938775510
32.1000 -0.001816326531
32.1200 -0.002336734694
32.1400 -0.001081632653
32.1600 0.002622448980
32.1800 0.005316326531
32.2000 0.007306122449
32.2200 0.009418367347
32.2400 0.011163265306
32.2600 0.011132653061
32.2800 0.008132653061
32.3000 0.004489795918
32.3200 0.003020408163
32.3400 0.003051020408
32.3600 0.002255102041
32.3800 0.001336734694
32.4000 0.001061224490
32.4200 0.001489795918
32.4400 0.002714285714
32.4600 0.002622448980
32.4800 0.001244897959
32.5000 0.000357142857
32.5200 0.000908163265
32.5400 0.001183673469
32.5600 0.000142857143
32.5800 0.000020408163
32.6000 0.001091836735
32.6200 0.002438775510
32.6400 0.003418367347
32.6600 0.003204081633
32.6800 0.002316326531
32.7000 0.000663265306
32.7200 -0.001387755102
32.7400 -0.002826530612
32.7600 -0.003714285714
32.7800 -0.003438775510
32.8000 -0.002367346939
32.8200 -0.003040816327
32.8400 -0.005642857143
32.8600 -0.008581632653
32.8800 -0.010663265306
32.9000 -0.010020408163
32.9200 -0.006653061224
32.9400 -0.003806122449
32.9600 -0.002612244898
32.9800 -0.000132653061
33.0000 0.004214285714
33.0200 0.007734693878
33.0400 0.010061224490
33.0600 0.012295918367
33.0800 0.013795918367
33.1000 0.015204081633
33.1200 0.016612244898
33.1400 0.015448979592
33.1600 0.011255102041
33.1800 0.005867346939
33.2000 -0.000285714286
33.2200 -0.006408163265
33.2400 -0.010265306122
33.2600 -0.012469387755
33.2800 -0.014428571429
33.3000 -0.015316326531
33.3200 -0.013938775510
33.3400 -0.010081632653
33.3600 -0.004295918367
33.3800 0.000908163265
33.4000 0.003204081633
33.4200 0.004581632653
33.4400 0.006051020408
33.4600 0.006112244898
33.4800 0.005071428571
33.5000 0.002591836735
33.5200 -0.000836734694
33.5400 -0.002857142857
33.5600 -0.003010204082
33.5800 -0.003132653061
33.6000 -0.004632653061
33.6200 -0.008061224490
33.6400 -0.011857142857
33.6600 -0.014397959184
33.6800 -0.015224489796
33.7000 -0.013663265306
33.7200 -0.009989795918
33.7400 -0.005397959184
33.7600 -0.001142857143
33.7800 0.001765306122
33.8000 0.003357142857
33.8200 0.004183673469
33.8400 0.002897959184
33.8600 -0.000622448980
33.8800 -0.003193877551
33.9000 -0.002704081633
33.9200 -0.000806122449
33.9400 0.000571428571
33.9600 0.001795918367
33.9800 0.003785714286
34.0000 0.005408163265
34.0200 0.006020408163
34.0400 0.006173469388
34.0600 0.005102040816
34.0800 0.004000000000
34.1000 0.002897959184
34.1200 0.001030612245
34.1400 0.000387755102
34.1600 0.002408163265
34.1800 0.005040816327
34.2000 0.006418367347
34.2200 0.005102040816
34.2400 0.001214285714
34.2600 -0.001326530612
34.2800 -0.001479591837
34.3000 -0.002367346939
34.3200 -0.004755102041
34.3400 -0.006377551020
34.3600 -0.005428571429
34.3800 -0.002887755102
34.4000 -0.001081632653
34.4200 -0.000469387755
34.4400 -0.000255102041
34.4600 0.000418367347
34.4800 0.001336734694
34.5000 0.000877551020
34.5200 -0.001755102041
34.5400 -0.004540816327
34.5600 -0.005857142857
34.5800 -0.006775510204
34.6000 -0.007295918367
34.6200 -0.006591836735
34.6400 -0.005153061224
34.6600 -0.002612244898
34.6800 -0.000102040816
34.7000 0.000081632653
34.7200 -0.001693877551
34.7400 -0.003469387755
34.7600 -0.004081632653
34.7800 -0.004357142857
34.8000 -0.005061224490
34.8200 -0.005306122449
34.8400 -0.002642857143
34.8600 0.003020408163
34.8800 0.008775510204
34.9000 0.011408163265
34.9200 0.010948979592
34.9400 0.009724489796
34.9600 0.007887755102
34.9800 0.005316326531
35.0000 0.002469387755
35.0200 0.000051020408
35.0400 -0.002000000000
35.0600 -0.002765306122
35.0800 -0.001448979592
35.1000 0.001000000000
35.1200 0.004244897959
35.1400 0.007428571429
35.1600 0.008683673469
35.1800 0.009142857143
35.2000 0.010061224490
35.2200 0.010214285714
35.2400 0.008775510204
35.2600 0.006081632653
35.2800 0.002438775510
35.3000 -0.001234693878
35.3200 -0.003622448980
35.3400 -0.004265306122
35.3600 -0.003806122449
35.3800 -0.002275510204
35.4000 -0.000346938776
35.4200 0.000755102041
35.4400 0.001826530612
35.4600 0.002928571429
35.4800 0.003387755102
35.5000 0.003755102041
35.5200 0.003510204082
35.5400 0.002285714286
35.5600 0.000540816327
35.5800 -0.000928571429
35.6000 -0.001724489796
35.6200 -0.003102040816
35.6400 -0.005153061224
35.6600 -0.006683673469
35.6800 -0.007571428571
35.7000 -0.008153061224
35.7200 -0.008183673469
35.7400 -0.007357142857
35.7600 -0.005765306122
35.7800 -0.003989795918
35.8000 -0.002183673469
35.8200 -0.001418367347
35.8400 -0.001142857143
35.8600 -0.001877551020
35.8800 -0.005061224490
35.9000 -0.008367346939
35.9200 -0.009530612245
35.9400 -0.008795918367
35.9600 -0.006714285714
35.9800 -0.004081632653
36.0000 -0.001234693878
36.0200 0.002255102041
36.0400 0.006663265306
36.0600 0.010857142857
36.0800 0.013244897959
36.1000 0.013857142857
36.1200 0.013642857143
36.1400 0.012846938776
36.1600 0.011163265306
36.1800 0.008163265306
36.2000 0.004336734694
36.2200 0.000295918367
36.2400 -0.003500000000
36.2600 -0.006377551020
36.2800 -0.007326530612
36.3000 -0.005887755102
36.3200 -0.002979591837
36.3400 -0.000316326531
36.3600 0.000755102041
36.3800 0.000448979592
36.4000 -0.000102040816
36.4200 -0.000744897959
36.4400 -0.002061224490
36.4600 -0.003775510204
36.4800 -0.003653061224
36.5000 -0.001540816327
36.5200 0.000387755102
36.5400 0.002806122449
36.5600 0.002897959184
36.5800 0.000632653061
36.6000 0.001459183673
36.6200 0.001030612245
36.6400 0.001153061224
36.6600 0.004642857143
36.6800 0.003173469388
36.7000 -0.000132653061
36.7200 0.000540816327
36.7400 0.005040816327
36.7600 0.008255102041
36.7800 -0.001265306122
36.8000 -0.010142857143
36.8200 -0.005795918367
36.8400 0.001397959184
36.8600 0.005775510204
36.8800 -0.000591836735
36.9000 -0.008704081633
36.9200 -0.007204081633
36.9400 -0.000010204082
36.9600 0.002102040816
36.9800 -0.003897959184
37.0000 -0.004969387755
37.0200 0.002622448980
37.0400 0.007795918367
37.0600 0.006908163265
37.0800 0.003295918367
37.1000 0.002775510204
37.1200 0.004887755102
37.1400 0.002255102041
37.1600 -0.002520408163
37.1800 -0.003653061224
37.2000 -0.000806122449
37.2200 0.001734693878
37.2400 0.000234693878
37.2600 -0.002275510204
37.2800 -0.001234693878
37.3000 0.001857142857
37.3200 0.002867346939
37.3400 0.000510204082
37.3600 -0.003377551020
37.3800 -0.005183673469
37.4000 -0.004846938776
37.4200 -0.005612244898
37.4400 -0.007112244898
37.4600 -0.005857142857
37.4800 -0.002857142857
37.5000 -0.001724489796
37.5200 -0.001724489796
37.5400 -0.002030612245
37.5600 -0.001326530612
37.5800 -0.000255102041
37.6000 -0.001785714286
37.6200 -0.004142857143
37.6400 -0.003867346939
37.6600 -0.002826530612
37.6800 -0.002734693878
37.7000 0.000234693878
37.7200 0.003326530612
37.7400 0.005010204082
37.7600 0.007000000000
37.7800 0.007673469388
37.8000 0.008193877551
37.8200 0.009265306122
37.8400 0.007765306122
37.8600 0.004061224490
37.8800 0.000693877551
37.9000 -0.001877551020
37.9200 -0.001326530612
37.9400 0.001857142857
37.9600 0.001826530612
37.9800 -0.000683673469
38.0000 -0.000622448980
38.0200 0.001520408163
38.0400 0.002561224490
38.0600 0.002377551020
38.0800 -0.000530612245
38.1000 -0.004693877551
38.1200 -0.006438775510
38.1400 -0.006224489796
38.1600 -0.005122448980
38.1800 -0.002489795918
38.2000 0.001734693878
38.2200 0.005744897959
38.2400 0.006418367347
38.2600 0.004306122449
38.2800 0.002775510204
38.3000 0.001612244898
38.3200 -0.002306122449
38.3400 -0.008397959184
38.3600 -0.011704081633
38.3800 -0.010020408163
38.4000 -0.004357142857
38.4200 0.001795918367
38.4400 0.002255102041
38.4600 -0.000561224490
38.4800 0.003173469388
38.5000 0.011071428571
38.5200 0.013306122449
38.5400 0.009540816327
38.5600 0.005316326531
38.5800 0.003479591837
38.6000 0.001428571429
38.6200 -0.002153061224
38.6400 -0.002918367347
38.6600 -0.002948979592
38.6800 -0.006897959184
38.7000 -0.011214285714
38.7200 -0.010265306122
38.7400 -0.004908163265
38.7600 -0.000836734694
38.7800 -0.001204081633
38.8000 -0.004142857143
38.8200 -0.002459183673
38.8400 0.006755102041
38.8600 0.015969387755
38.8800 0.017438775510
38.9000 0.012326530612
38.9200 0.007153061224
38.9400 0.004244897959
38.9600 0.000295918367
38.9800 -0.005030612245
39.0000 -0.009071428571
39.0200 -0.011459183673
39.0400 -0.011122448980
39.0600 -0.006316326531
39.0800 0.001030612245
39.1000 0.007765306122
39.1200 0.011867346939
39.1400 0.013030612245
39.1600 0.012051020408
39.1800 0.007704081633
39.2000 0.000448979592
39.2200 -0.007173469388
39.2400 -0.015377551020
39.2600 -0.021469387755
39.2800 -0.019020408163
39.3000 -0.006469387755
39.3200 0.012510204082
39.3400 0.029010204082
39.3600 0.034704081633
39.3800 0.028367346939
39.4000 0.015081632653
39.4200 -0.000989795918
39.4400 -0.016632653061
39.4600 -0.027193877551
39.4800 -0.031663265306
39.5000 -0.031112244898
39.5200 -0.024836734694
39.5400 -0.012959183673
39.5600 0.001091836735
39.5800 0.011346938776
39.6000 0.015142857143
39.6200 0.013795918367
39.6400 0.008867346939
39.6600 0.004183673469
39.6800 0.000969387755
39.7000 -0.000561224490
39.7200 0.001091836735
39.7400 0.003663265306
39.7600 0.003326530612
39.7800 0.000418367347
39.8000 -0.002612244898
39.8200 -0.004571428571
39.8400 -0.004969387755
39.8600 -0.003316326531
39.8800 -0.000010204082
39.9000 0.003602040816
39.9200 0.004948979592
39.9400 0.003938775510
39.9600 0.001275510204
39.9800 -0.002091836735
